
Nome: Zélia
Quantidade de Bilhetes: 9
Valor total da aposta: R$ 45,00
Bilhetes:

15 21 32 24 47 3 
41 15 18 55 47 26 
24 27 46 30 44 23 
5 35 31 50 10 20 
23 59 56 57 49 51 
27 43 39 22 26 33 
52 18 42 33 49 22 
9 51 38 3 44 29 
53 39 32 17 49 32 

-------------------------------------

Nome: Joel
Quantidade de Bilhetes: 9
Valor total da aposta: R$ 45,00
Bilhetes:

2 31 12 19 5 46 
8 56 34 2 8 31 
59 3 30 12 38 43 
15 18 49 19 26 53 
32 2 37 30 37 51 
4 23 42 18 35 39 
6 43 20 41 27 20 
16 24 24 2 37 10 
3 16 39 47 25 46 

-------------------------------------
